qubits=4; clbits=1; 
idx=0; name=Ry; qbits=[0, 1, 2, 3]; con=None; cbits=None; arg=[3.1415927293489863, -2.8759088735398867e-10, 3.615181133254728, 0.19753344635189085]; argidx=[0, 1, 2, 3]; 
idx=1; name=cX; qbits=[3]; con=[2]; cbits=None; arg=None; argidx=None; 
idx=2; name=Ry; qbits=[2, 3]; con=None; cbits=None; arg=[4.759517320928083, 3.362808165249791]; argidx=[4, 5]; 
idx=3; name=cX; qbits=[2]; con=[0]; cbits=None; arg=None; argidx=None; 
idx=4; name=Ry; qbits=[0, 2]; con=None; cbits=None; arg=[3.141592573830349, 1.71816417424422]; argidx=[6, 7]; 
idx=5; name=cX; qbits=[1]; con=[0]; cbits=None; arg=None; argidx=None; 