qubits=4; clbits=1; 
idx=0; name=Ry; qbits=[0, 1, 2, 3]; con=None; cbits=None; arg=[1.3005487290926638, 3.141592634814193, 1.011218518046761, 1.5707963446233786]; argidx=[0, 1, 2, 3]; 
idx=1; name=cX; qbits=[3]; con=[2]; cbits=None; arg=None; argidx=None; 
idx=2; name=Ry; qbits=[2, 3]; con=None; cbits=None; arg=[0.5595778179630497, 4.712388901058632]; argidx=[4, 5]; 
idx=3; name=cX; qbits=[2]; con=[0]; cbits=None; arg=None; argidx=None; 
idx=4; name=Ry; qbits=[0, 2]; con=None; cbits=None; arg=[2.3046915272769164, 4.712388997522639]; argidx=[6, 7]; 
idx=5; name=cX; qbits=[1]; con=[0]; cbits=None; arg=None; argidx=None; 